# Created by Octave 3.8.1, Tue Mar 17 01:24:52 2015 EDT <davintwong@localhost>
# name: g
# type: matrix
# rows: 8
# columns: 6
 335 182 190 280 0 105
 362 186 186 78 0 65
 301 199 456 386 0 18
 389 88 462 212 17 0
 346 200 312 304 0 13
 326 225 404 218 2 0
 363 190 446 196 0 4
 363 190 392 226 0 0


