# Created by Octave 3.8.1, Tue Mar 17 01:23:55 2015 EDT <davintwong@localhost>
# name: g
# type: matrix
# rows: 9
# columns: 6
 334 124 414 386 0 105
 316 148 180 312 0 63
 328 168 202 116 0 15
 367 130 446 196 0 2
 353 135 320 32 36 0
 396 57 300 76 5 0
 331 75 300 76 0 1
 349 76 320 32 1 0
 325 58 320 32 0 0


