# Created by Octave 3.8.1, Tue Mar 17 01:24:23 2015 EDT <davintwong@localhost>
# name: g
# type: matrix
# rows: 8
# columns: 6
 326 202 112 216 0 123
 328 227 428 354 0 61
 258 216 236 310 0 41
 330 109 266 68 0 15
 330 166 416 220 1 0
 400 169 392 226 0 4
 400 169 446 196 0 2
 400 169 404 196 0 0


