# Created by Octave 3.8.1, Tue Mar 17 13:05:24 2015 EDT <davintwong@localhost>
# name: error_rates
# type: matrix
# rows: 5
# columns: 2
 0.28 0.2575
 0.14 0.1175
 0.045 0.0475
 0.105 0.025
 0.0125 0.0025


# name: error_summary
# type: matrix
# rows: 5
# columns: 4
 0.26875 0.2575 0.28 0.01590990257669734
 0.12875 0.1175 0.14 0.01590990257669734
 0.04625 0.045 0.0475 0.00176776695296637
 0.065 0.025 0.105 0.0565685424949238
 0.007500000000000001 0.0025 0.0125 0.007071067811865476


