# Created by Octave 3.8.1, Tue Mar 17 14:44:19 2015 EDT <davintwong@localhost>
# name: error_rates
# type: matrix
# rows: 5
# columns: 20
 0.28 0.28 0.3075 0.2525 0.3675 0.2675 0.36 0.28 0.28 0.295 0.3025 0.2725 0.2825 0.3 0.2825 0.225 0.2225 0.305 0.2925 0.285
 0.1375 0.1775 0.17 0.045 0.165 0.1225 0.0525 0.1825 0.1775 0.0725 0.055 0.15 0.06 0.2225 0.09 0.2675 0.2625 0.1575 0.1475 0.125
 0.0725 0.05 0.1275 0.0525 0.0425 0.0475 0.06 0.0625 0.025 0.0575 0.0225 0.0975 0.04 0.0125 0.0475 0.0825 0.055 0.0325 0.1 0.07000000000000001
 0.06 0.0175 0.04 0.0125 0.0625 0.0075 0.0275 0.04 0.015 0.0175 0.035 0.0175 0.04 0.0375 0.025 0.02 0.0175 0.035 0.02 0.0125
 0.01 0.04 0.015 0.015 0.01 0.0075 0.04 0.0175 0.02 0.005 0.0025 0 0.015 0.06 0.035 0.005 0.04 0.0275 0.0075 0.015


# name: error_summary
# type: matrix
# rows: 5
# columns: 4
 0.287 0.2225 0.3675 0.03485496264597957
 0.142 0.045 0.2675 0.06589265592813176
 0.057875 0.0125 0.1275 0.0281826164225583
 0.028 0.0075 0.0625 0.01535972176283083
 0.019375 0 0.06 0.0159743832761278


